0 2397 4639 6168 9190 10864 12335 14204 16238 18804 20603 21853 24011 27420
0 0 2242 3771 6793 8467 9938 11807 13841 16407 18206 19456 21614 25023
0 0 0 1529 4551 6225 7696 9565 11599 14165 15964 17214 19372 22781
0 0 0 0 3022 4696 6167 8036 10070 12636 14435 15685 17843 21252
0 0 0 0 0 1674 3145 5014 7048 9614 11413 12663 14821 18230
0 0 0 0 0 0 1471 3340 5374 7940 9739 10989 13147 16556
0 0 0 0 0 0 0 1869 3903 6469 8268 9518 11676 15085
0 0 0 0 0 0 0 0 2034 4600 6399 7649 9807 13216
0 0 0 0 0 0 0 0 0 2566 4365 5615 7773 11182
0 0 0 0 0 0 0 0 0 0 1799 3049 5207 8616
0 0 0 0 0 0 0 0 0 0 0 1250 3408 6817
0 0 0 0 0 0 0 0 0 0 0 0 2158 5567
0 0 0 0 0 0 0 0 0 0 0 0 0 3409
0 0 0 0 0 0 0 0 0 0 0 0 0 0
