0 3329 5715 8150 10341 12115 14465 17276 19505 21461 22713 25234 28770 31707
0 0 2386 4821 7012 8786 11136 13947 16176 18132 19384 21905 25441 28378
0 0 0 2435 4626 6400 8750 11561 13790 15746 16998 19519 23055 25992
0 0 0 0 2191 3965 6315 9126 11355 13311 14563 17084 20620 23557
0 0 0 0 0 1774 4124 6935 9164 11120 12372 14893 18429 21366
0 0 0 0 0 0 2350 5161 7390 9346 10598 13119 16655 19592
0 0 0 0 0 0 0 2811 5040 6996 8248 10769 14305 17242
0 0 0 0 0 0 0 0 2229 4185 5437 7958 11494 14431
0 0 0 0 0 0 0 0 0 1956 3208 5729 9265 12202
0 0 0 0 0 0 0 0 0 0 1252 3773 7309 10246
0 0 0 0 0 0 0 0 0 0 0 2521 6057 8994
0 0 0 0 0 0 0 0 0 0 0 0 3536 6473
0 0 0 0 0 0 0 0 0 0 0 0 0 2937
0 0 0 0 0 0 0 0 0 0 0 0 0 0
