0 3924 8100 12702 15954 18777 22420 27559 31246 34451 39008 42570 45286 48017 52099 56310 60306 65366 69117 71836 76100 92775
0 0 4176 8778 12030 14853 18496 23635 27322 30527 35084 38646 41362 44093 48175 52386 56382 61442 65193 67912 72176 88724
0 0 0 4602 7854 10677 14320 19459 23146 26351 30908 34470 37186 39917 43999 48210 52206 57266 61017 63736 68000 83543
0 0 0 0 3252 6075 9718 14857 18544 21749 26306 29868 32584 35315 39397 43608 47604 52664 56415 59134 63398 78150
0 0 0 0 0 2823 6466 11605 15292 18497 23054 26616 29332 32063 36145 40356 44352 49412 53163 55882 60146 74409
0 0 0 0 0 0 3643 8782 12469 15674 20231 23793 26509 29240 33322 37533 41529 46589 50340 53059 57323 71095
0 0 0 0 0 0 0 5139 8826 12031 16588 20150 22866 25597 29679 33890 37886 42946 46697 49416 53680 66941
0 0 0 0 0 0 0 0 3687 6892 11449 15011 17727 20458 24540 28751 32747 37807 41558 44277 48541 61240
0 0 0 0 0 0 0 0 0 3205 7762 11324 14040 16771 20853 25064 29060 34120 37871 40590 44854 57130
0 0 0 0 0 0 0 0 0 0 4557 8119 10835 13566 17648 21859 25855 30915 34666 37385 41649 53347
0 0 0 0 0 0 0 0 0 0 0 3562 6278 9009 13091 17302 21298 26358 30109 32828 37092 48575
0 0 0 0 0 0 0 0 0 0 0 0 2716 5447 9529 13740 17736 22796 26547 29266 33530 44135
0 0 0 0 0 0 0 0 0 0 0 0 0 2731 6813 11024 15020 20080 23831 26550 30814 40731
0 0 0 0 0 0 0 0 0 0 0 0 0 0 4082 8293 12289 17349 21100 23819 28083 37998
0 0 0 0 0 0 0 0 0 0 0 0 0 0 0 4211 8207 13267 17018 19737 24001 33347
0 0 0 0 0 0 0 0 0 0 0 0 0 0 0 0 3996 9056 12807 15526 19790 28543
0 0 0 0 0 0 0 0 0 0 0 0 0 0 0 0 0 5060 8811 11530 15794 23400
0 0 0 0 0 0 0 0 0 0 0 0 0 0 0 0 0 0 3751 6470 10734 17992
0 0 0 0 0 0 0 0 0 0 0 0 0 0 0 0 0 0 0 2719 6983 14031
0 0 0 0 0 0 0 0 0 0 0 0 0 0 0 0 0 0 0 0 4264 10218
0 0 0 0 0 0 0 0 0 0 0 0 0 0 0 0 0 0 0 0 0 5914
0 0 0 0 0 0 0 0 0 0 0 0 0 0 0 0 0 0 0 0 0 0
