0 0 0 0 0 0 0 0 0 0 0 0 0 0 0 0 0 0 0 0 0 100015
0 0 0 0 0 0 0 0 0 0 0 0 0 0 0 0 0 0 0 0 0 95549
0 0 0 0 0 0 0 0 0 0 0 0 0 0 0 0 0 0 0 0 0 90440
0 0 0 0 0 0 0 0 0 0 0 0 0 0 0 0 0 0 0 0 0 84369
0 0 0 0 0 0 0 0 0 0 0 0 0 0 0 0 0 0 0 0 0 80309
0 0 0 0 0 0 0 0 0 0 0 0 0 0 0 0 0 0 0 0 0 76164
0 0 0 0 0 0 0 0 0 0 0 0 0 0 0 0 0 0 0 0 0 70563
0 0 0 0 0 0 0 0 0 0 0 0 0 0 0 0 0 0 0 0 0 64778
0 0 0 0 0 0 0 0 0 0 0 0 0 0 0 0 0 0 0 0 0 59696
0 0 0 0 0 0 0 0 0 0 0 0 0 0 0 0 0 0 0 0 0 55841
0 0 0 0 0 0 0 0 0 0 0 0 0 0 0 0 0 0 0 0 0 50350
0 0 0 0 0 0 0 0 0 0 0 0 0 0 0 0 0 0 0 0 0 44575
0 0 0 0 0 0 0 0 0 0 0 0 0 0 0 0 0 0 0 0 0 41341
0 0 0 0 0 0 0 0 0 0 0 0 0 0 0 0 0 0 0 0 0 37998
0 0 0 0 0 0 0 0 0 0 0 0 0 0 0 0 0 0 0 0 0 33751
0 0 0 0 0 0 0 0 0 0 0 0 0 0 0 0 0 0 0 0 0 29045
0 0 0 0 0 0 0 0 0 0 0 0 0 0 0 0 0 0 0 0 0 23504
0 0 0 0 0 0 0 0 0 0 0 0 0 0 0 0 0 0 0 0 0 17992
0 0 0 0 0 0 0 0 0 0 0 0 0 0 0 0 0 0 0 0 0 14031
0 0 0 0 0 0 0 0 0 0 0 0 0 0 0 0 0 0 0 0 0 10218
0 0 0 0 0 0 0 0 0 0 0 0 0 0 0 0 0 0 0 0 0 5914
0 0 0 0 0 0 0 0 0 0 0 0 0 0 0 0 0 0 0 0 0 0
