0 2903 5723 8925 11289 13001 15581 18952 22332 24683 26752 29017 31599 35131
0 0 2820 6022 8386 10098 12678 16049 19429 21780 23849 26114 28696 32228
0 0 0 3202 5566 7278 9858 13229 16609 18960 21029 23294 25876 29408
0 0 0 0 2364 4076 6656 10027 13407 15758 17827 20092 22674 26206
0 0 0 0 0 1712 4292 7663 11043 13394 15463 17728 20310 23842
0 0 0 0 0 0 2580 5951 9331 11682 13751 16016 18598 22130
0 0 0 0 0 0 0 3371 6751 9102 11171 13436 16018 19550
0 0 0 0 0 0 0 0 3380 5731 7800 10065 12647 16179
0 0 0 0 0 0 0 0 0 2351 4420 6685 9267 12799
0 0 0 0 0 0 0 0 0 0 2069 4334 6916 10222
0 0 0 0 0 0 0 0 0 0 0 2265 4847 8153
0 0 0 0 0 0 0 0 0 0 0 0 2582 5888
0 0 0 0 0 0 0 0 0 0 0 0 0 3306
0 0 0 0 0 0 0 0 0 0 0 0 0 0
