0 0 0 0 0 0 0 0 0 0 0 0 0 0 0 0 0 43120
0 0 0 0 0 0 0 0 0 0 0 0 0 0 0 0 0 41258
0 0 0 0 0 0 0 0 0 0 0 0 0 0 0 0 0 39503
0 0 0 0 0 0 0 0 0 0 0 0 0 0 0 0 0 36634
0 0 0 0 0 0 0 0 0 0 0 0 0 0 0 0 0 34155
0 0 0 0 0 0 0 0 0 0 0 0 0 0 0 0 0 30236
0 0 0 0 0 0 0 0 0 0 0 0 0 0 0 0 0 27848
0 0 0 0 0 0 0 0 0 0 0 0 0 0 0 0 0 25535
0 0 0 0 0 0 0 0 0 0 0 0 0 0 0 0 0 23244
0 0 0 0 0 0 0 0 0 0 0 0 0 0 0 0 0 21277
0 0 0 0 0 0 0 0 0 0 0 0 0 0 0 0 0 18299
0 0 0 0 0 0 0 0 0 0 0 0 0 0 0 0 0 15001
0 0 0 0 0 0 0 0 0 0 0 0 0 0 0 0 0 13238
0 0 0 0 0 0 0 0 0 0 0 0 0 0 0 0 0 10206
0 0 0 0 0 0 0 0 0 0 0 0 0 0 0 0 0 8289
0 0 0 0 0 0 0 0 0 0 0 0 0 0 0 0 0 5551
0 0 0 0 0 0 0 0 0 0 0 0 0 0 0 0 0 3157
0 0 0 0 0 0 0 0 0 0 0 0 0 0 0 0 0 0
