0 3168 6105 8318 10880 13384 15084 17388 19806 22369 25033 28340 31076 33668 36058 38110 41092 46059
0 0 2937 5150 7712 10216 11916 14220 16638 19201 21865 25172 27908 30500 32890 34942 37924 42669
0 0 0 2213 4775 7279 8979 11283 13701 16264 18928 22235 24971 27563 29953 32005 34987 39625
0 0 0 0 2562 5066 6766 9070 11488 14051 16715 20022 22758 25350 27740 29792 32774 37412
0 0 0 0 0 2504 4204 6508 8926 11489 14153 17460 20196 22788 25178 27230 30212 34812
0 0 0 0 0 0 1700 4004 6422 8985 11649 14956 17692 20284 22674 24726 27708 32308
0 0 0 0 0 0 0 2304 4722 7285 9949 13256 15992 18584 20974 23026 26008 30136
0 0 0 0 0 0 0 0 2418 4981 7645 10952 13688 16280 18670 20722 23704 27658
0 0 0 0 0 0 0 0 0 2563 5227 8534 11270 13862 16252 18304 21286 25240
0 0 0 0 0 0 0 0 0 0 2664 5971 8707 11299 13689 15741 18723 22677
0 0 0 0 0 0 0 0 0 0 0 3307 6043 8635 11025 13077 16059 19994
0 0 0 0 0 0 0 0 0 0 0 0 2736 5328 7718 9770 12752 16587
0 0 0 0 0 0 0 0 0 0 0 0 0 2592 4982 7034 10016 13782
0 0 0 0 0 0 0 0 0 0 0 0 0 0 2390 4442 7424 11128
0 0 0 0 0 0 0 0 0 0 0 0 0 0 0 2052 5034 8504
0 0 0 0 0 0 0 0 0 0 0 0 0 0 0 0 2982 6333
0 0 0 0 0 0 0 0 0 0 0 0 0 0 0 0 0 3351
0 0 0 0 0 0 0 0 0 0 0 0 0 0 0 0 0 0
