0 4283 8818 13420 16802 19625 23971 29626 33927 37674 42565 46149 48865 51941 56023 60550 65495 71227 75392 78111 82952 88866
0 0 4535 9137 12519 15342 19688 25343 29644 33391 38282 41866 44582 47658 51740 56267 61212 66944 71109 73828 78669 84583
0 0 0 4602 7984 10807 15153 20808 25109 28856 33747 37331 40047 43123 47205 51732 56677 62409 66574 69293 74134 80048
0 0 0 0 3382 6205 10551 16206 20507 24254 29145 32729 35445 38521 42603 47130 52075 57807 61972 64691 69532 75446
0 0 0 0 0 2823 7169 12824 17125 20872 25763 29347 32063 35139 39221 43748 48693 54425 58590 61309 66150 72064
0 0 0 0 0 0 4346 10001 14302 18049 22940 26524 29240 32316 36398 40925 45870 51602 55767 58486 63327 69241
0 0 0 0 0 0 0 5655 9956 13703 18594 22178 24894 27970 32052 36579 41524 47256 51421 54140 58981 64895
0 0 0 0 0 0 0 0 4301 8048 12939 16523 19239 22315 26397 30924 35869 41601 45766 48485 53326 59240
0 0 0 0 0 0 0 0 0 3747 8638 12222 14938 18014 22096 26623 31568 37300 41465 44184 49025 54939
0 0 0 0 0 0 0 0 0 0 4891 8475 11191 14267 18349 22876 27821 33553 37718 40437 45278 51192
0 0 0 0 0 0 0 0 0 0 0 3584 6300 9376 13458 17985 22930 28662 32827 35546 40387 46301
0 0 0 0 0 0 0 0 0 0 0 0 2716 5792 9874 14401 19346 25078 29243 31962 36803 42717
0 0 0 0 0 0 0 0 0 0 0 0 0 3076 7158 11685 16630 22362 26527 29246 34087 40001
0 0 0 0 0 0 0 0 0 0 0 0 0 0 4082 8609 13554 19286 23451 26170 31011 36925
0 0 0 0 0 0 0 0 0 0 0 0 0 0 0 4527 9472 15204 19369 22088 26929 32843
0 0 0 0 0 0 0 0 0 0 0 0 0 0 0 0 4945 10677 14842 17561 22402 28316
0 0 0 0 0 0 0 0 0 0 0 0 0 0 0 0 0 5732 9897 12616 17457 23371
0 0 0 0 0 0 0 0 0 0 0 0 0 0 0 0 0 0 4165 6884 11725 17639
0 0 0 0 0 0 0 0 0 0 0 0 0 0 0 0 0 0 0 2719 7560 13474
0 0 0 0 0 0 0 0 0 0 0 0 0 0 0 0 0 0 0 0 4841 10755
0 0 0 0 0 0 0 0 0 0 0 0 0 0 0 0 0 0 0 0 0 5914
0 0 0 0 0 0 0 0 0 0 0 0 0 0 0 0 0 0 0 0 0 0
