0 2337 5565 7370 9525 11026 14325 17453 19126 21072 23521 25450 27309 29895
0 0 3228 5033 7188 8689 11988 15116 16789 18735 21184 23113 24972 27558
0 0 0 1805 3960 5461 8760 11888 13561 15507 17956 19885 21744 24330
0 0 0 0 2155 3656 6955 10083 11756 13702 16151 18080 19939 22525
0 0 0 0 0 1501 4800 7928 9601 11547 13996 15925 17784 20370
0 0 0 0 0 0 3299 6427 8100 10046 12495 14424 16283 18869
0 0 0 0 0 0 0 3128 4801 6747 9196 11125 12984 15570
0 0 0 0 0 0 0 0 1673 3619 6068 7997 9856 12442
0 0 0 0 0 0 0 0 0 1946 4395 6324 8183 10769
0 0 0 0 0 0 0 0 0 0 2449 4378 6237 8823
0 0 0 0 0 0 0 0 0 0 0 1929 3788 6374
0 0 0 0 0 0 0 0 0 0 0 0 1859 4445
0 0 0 0 0 0 0 0 0 0 0 0 0 2586
0 0 0 0 0 0 0 0 0 0 0 0 0 0
