0 2903 5723 8665 10953 12665 15245 18496 21507 23858 25927 28174 30345 33651
0 0 2820 5762 8050 9762 12342 15593 18604 20955 23024 25271 27442 30748
0 0 0 2942 5230 6942 9522 12773 15784 18135 20204 22451 24622 27928
0 0 0 0 2288 4000 6580 9831 12842 15193 17262 19509 21680 24986
0 0 0 0 0 1712 4292 7543 10554 12905 14974 17221 19392 22698
0 0 0 0 0 0 2580 5831 8842 11193 13262 15509 17680 20986
0 0 0 0 0 0 0 3251 6262 8613 10682 12929 15100 18406
0 0 0 0 0 0 0 0 3011 5362 7431 9678 11849 15155
0 0 0 0 0 0 0 0 0 2351 4420 6667 8838 12144
0 0 0 0 0 0 0 0 0 0 2069 4316 6487 9793
0 0 0 0 0 0 0 0 0 0 0 2247 4418 7724
0 0 0 0 0 0 0 0 0 0 0 0 2171 5477
0 0 0 0 0 0 0 0 0 0 0 0 0 3306
0 0 0 0 0 0 0 0 0 0 0 0 0 0
