0 2337 5565 7370 9525 11026 14325 17453 19126 21072 23521 25450 27309 31448
0 0 3228 5033 7188 8689 11988 15116 16789 18735 21184 23113 24972 28870
0 0 0 1805 3960 5461 8760 11888 13561 15507 17956 19885 21744 25642
0 0 0 0 2155 3656 6955 10083 11756 13702 16151 18080 19939 23837
0 0 0 0 0 1501 4800 7928 9601 11547 13996 15925 17784 21682
0 0 0 0 0 0 3299 6427 8100 10046 12495 14424 16283 20181
0 0 0 0 0 0 0 3128 4801 6747 9196 11125 12984 16685
0 0 0 0 0 0 0 0 1673 3619 6068 7997 9856 13375
0 0 0 0 0 0 0 0 0 1946 4395 6324 8183 11155
0 0 0 0 0 0 0 0 0 0 2449 4378 6237 8924
0 0 0 0 0 0 0 0 0 0 0 1929 3788 6475
0 0 0 0 0 0 0 0 0 0 0 0 1859 4445
0 0 0 0 0 0 0 0 0 0 0 0 0 2586
0 0 0 0 0 0 0 0 0 0 0 0 0 0
