0 0 0 0 0 0 0 0 0 0 0 0 0 0 0 0 0 0 0 0 0 86823
0 0 0 0 0 0 0 0 0 0 0 0 0 0 0 0 0 0 0 0 0 82225
0 0 0 0 0 0 0 0 0 0 0 0 0 0 0 0 0 0 0 0 0 77711
0 0 0 0 0 0 0 0 0 0 0 0 0 0 0 0 0 0 0 0 0 72948
0 0 0 0 0 0 0 0 0 0 0 0 0 0 0 0 0 0 0 0 0 69684
0 0 0 0 0 0 0 0 0 0 0 0 0 0 0 0 0 0 0 0 0 66476
0 0 0 0 0 0 0 0 0 0 0 0 0 0 0 0 0 0 0 0 0 62660
0 0 0 0 0 0 0 0 0 0 0 0 0 0 0 0 0 0 0 0 0 57388
0 0 0 0 0 0 0 0 0 0 0 0 0 0 0 0 0 0 0 0 0 53205
0 0 0 0 0 0 0 0 0 0 0 0 0 0 0 0 0 0 0 0 0 49976
0 0 0 0 0 0 0 0 0 0 0 0 0 0 0 0 0 0 0 0 0 44985
0 0 0 0 0 0 0 0 0 0 0 0 0 0 0 0 0 0 0 0 0 41409
0 0 0 0 0 0 0 0 0 0 0 0 0 0 0 0 0 0 0 0 0 38202
0 0 0 0 0 0 0 0 0 0 0 0 0 0 0 0 0 0 0 0 0 35219
0 0 0 0 0 0 0 0 0 0 0 0 0 0 0 0 0 0 0 0 0 30980
0 0 0 0 0 0 0 0 0 0 0 0 0 0 0 0 0 0 0 0 0 26565
0 0 0 0 0 0 0 0 0 0 0 0 0 0 0 0 0 0 0 0 0 22420
0 0 0 0 0 0 0 0 0 0 0 0 0 0 0 0 0 0 0 0 0 17291
0 0 0 0 0 0 0 0 0 0 0 0 0 0 0 0 0 0 0 0 0 13502
0 0 0 0 0 0 0 0 0 0 0 0 0 0 0 0 0 0 0 0 0 10178
0 0 0 0 0 0 0 0 0 0 0 0 0 0 0 0 0 0 0 0 0 5914
0 0 0 0 0 0 0 0 0 0 0 0 0 0 0 0 0 0 0 0 0 0
