0 1804 3559 6192 8671 11667 13739 15851 17888 19855 22616 25914 27677 29702 31466 34073 36238 39395
0 0 1755 4388 6867 9863 11935 14047 16084 18051 20812 24110 25873 27898 29662 32269 34434 37591
0 0 0 2633 5112 8108 10180 12292 14329 16296 19057 22355 24118 26143 27907 30514 32679 35836
0 0 0 0 2479 5475 7547 9659 11696 13663 16424 19722 21485 23510 25274 27881 30046 33203
0 0 0 0 0 2996 5068 7180 9217 11184 13945 17243 19006 21031 22795 25402 27567 30724
0 0 0 0 0 0 2072 4184 6221 8188 10949 14247 16010 18035 19799 22406 24571 27728
0 0 0 0 0 0 0 2112 4149 6116 8877 12175 13938 15963 17727 20334 22499 25656
0 0 0 0 0 0 0 0 2037 4004 6765 10063 11826 13851 15615 18222 20387 23544
0 0 0 0 0 0 0 0 0 1967 4728 8026 9789 11814 13578 16185 18350 21507
0 0 0 0 0 0 0 0 0 0 2761 6059 7822 9847 11611 14218 16383 19540
0 0 0 0 0 0 0 0 0 0 0 3298 5061 7086 8850 11457 13622 16779
0 0 0 0 0 0 0 0 0 0 0 0 1763 3788 5552 8159 10324 13481
0 0 0 0 0 0 0 0 0 0 0 0 0 2025 3789 6396 8561 11718
0 0 0 0 0 0 0 0 0 0 0 0 0 0 1764 4371 6536 9693
0 0 0 0 0 0 0 0 0 0 0 0 0 0 0 2607 4772 7929
0 0 0 0 0 0 0 0 0 0 0 0 0 0 0 0 2165 5322
0 0 0 0 0 0 0 0 0 0 0 0 0 0 0 0 0 3157
0 0 0 0 0 0 0 0 0 0 0 0 0 0 0 0 0 0
