0 0 0 0 0 0 0 0 0 0 0 0 0 0 0 0 0 37129
0 0 0 0 0 0 0 0 0 0 0 0 0 0 0 0 0 37129
0 0 0 0 0 0 0 0 0 0 0 0 0 0 0 0 0 37129
0 0 0 0 0 0 0 0 0 0 0 0 0 0 0 0 0 37129
0 0 0 0 0 0 0 0 0 0 0 0 0 0 0 0 0 37129
0 0 0 0 0 0 0 0 0 0 0 0 0 0 0 0 0 34453
0 0 0 0 0 0 0 0 0 0 0 0 0 0 0 0 0 30618
0 0 0 0 0 0 0 0 0 0 0 0 0 0 0 0 0 27327
0 0 0 0 0 0 0 0 0 0 0 0 0 0 0 0 0 24939
0 0 0 0 0 0 0 0 0 0 0 0 0 0 0 0 0 22447
0 0 0 0 0 0 0 0 0 0 0 0 0 0 0 0 0 20535
0 0 0 0 0 0 0 0 0 0 0 0 0 0 0 0 0 17434
0 0 0 0 0 0 0 0 0 0 0 0 0 0 0 0 0 13853
0 0 0 0 0 0 0 0 0 0 0 0 0 0 0 0 0 10606
0 0 0 0 0 0 0 0 0 0 0 0 0 0 0 0 0 7567
0 0 0 0 0 0 0 0 0 0 0 0 0 0 0 0 0 5335
0 0 0 0 0 0 0 0 0 0 0 0 0 0 0 0 0 3592
0 0 0 0 0 0 0 0 0 0 0 0 0 0 0 0 0 0
