0 3635 6443 8906 10934 13610 17428 20719 23107 25599 27511 30432 33995 37241 40153 42385 44128 47720
0 0 2808 5271 7299 9975 13793 17084 19472 21964 23876 26797 30360 33606 36518 38750 40493 44085
0 0 0 2463 4491 7167 10985 14276 16664 19156 21068 23989 27552 30798 33710 35942 37685 41277
0 0 0 0 2028 4704 8522 11813 14201 16693 18605 21526 25089 28335 31247 33479 35222 38814
0 0 0 0 0 2676 6494 9785 12173 14665 16577 19498 23061 26307 29219 31451 33194 36786
0 0 0 0 0 0 3818 7109 9497 11989 13901 16822 20385 23631 26543 28775 30518 34110
0 0 0 0 0 0 0 3291 5679 8171 10083 13004 16567 19813 22725 24957 26700 30292
0 0 0 0 0 0 0 0 2388 4880 6792 9713 13276 16522 19434 21666 23409 27001
0 0 0 0 0 0 0 0 0 2492 4404 7325 10888 14134 17046 19278 21021 24613
0 0 0 0 0 0 0 0 0 0 1912 4833 8396 11642 14554 16786 18529 22121
0 0 0 0 0 0 0 0 0 0 0 2921 6484 9730 12642 14874 16617 20209
0 0 0 0 0 0 0 0 0 0 0 0 3563 6809 9721 11953 13696 17288
0 0 0 0 0 0 0 0 0 0 0 0 0 3246 6158 8390 10133 13725
0 0 0 0 0 0 0 0 0 0 0 0 0 0 2912 5144 6887 10479
0 0 0 0 0 0 0 0 0 0 0 0 0 0 0 2232 3975 7567
0 0 0 0 0 0 0 0 0 0 0 0 0 0 0 0 1743 5335
0 0 0 0 0 0 0 0 0 0 0 0 0 0 0 0 0 3592
0 0 0 0 0 0 0 0 0 0 0 0 0 0 0 0 0 0
