0 7450 15854 20932 25461 30039 35535 40640 45705 53453 58141 61898 66324 73254 77870 83193 88610 93912 98812 105475 110305 113774 119191 125547 132206 139540
0 0 8404 13482 18011 22589 28085 33190 38255 46003 50691 54448 58874 65804 70420 75743 81160 86462 91362 98025 102855 106324 111741 118097 124756 132090
0 0 0 5078 9607 14185 19681 24786 29851 37599 42287 46044 50470 57400 62016 67339 72756 78058 82958 89621 94451 97920 103337 109693 116352 123686
0 0 0 0 4529 9107 14603 19708 24773 32521 37209 40966 45392 52322 56938 62261 67678 72980 77880 84543 89373 92842 98259 104615 111274 118608
0 0 0 0 0 4578 10074 15179 20244 27992 32680 36437 40863 47793 52409 57732 63149 68451 73351 80014 84844 88313 93730 100086 106745 114079
0 0 0 0 0 0 5496 10601 15666 23414 28102 31859 36285 43215 47831 53154 58571 63873 68773 75436 80266 83735 89152 95508 102167 109501
0 0 0 0 0 0 0 5105 10170 17918 22606 26363 30789 37719 42335 47658 53075 58377 63277 69940 74770 78239 83656 90012 96671 104005
0 0 0 0 0 0 0 0 5065 12813 17501 21258 25684 32614 37230 42553 47970 53272 58172 64835 69665 73134 78551 84907 91566 98900
0 0 0 0 0 0 0 0 0 7748 12436 16193 20619 27549 32165 37488 42905 48207 53107 59770 64600 68069 73486 79842 86501 93835
0 0 0 0 0 0 0 0 0 0 4688 8445 12871 19801 24417 29740 35157 40459 45359 52022 56852 60321 65738 72094 78753 86087
0 0 0 0 0 0 0 0 0 0 0 3757 8183 15113 19729 25052 30469 35771 40671 47334 52164 55633 61050 67406 74065 81399
0 0 0 0 0 0 0 0 0 0 0 0 4426 11356 15972 21295 26712 32014 36914 43577 48407 51876 57293 63649 70308 77642
0 0 0 0 0 0 0 0 0 0 0 0 0 6930 11546 16869 22286 27588 32488 39151 43981 47450 52867 59223 65882 73216
0 0 0 0 0 0 0 0 0 0 0 0 0 0 4616 9939 15356 20658 25558 32221 37051 40520 45937 52293 58952 66286
0 0 0 0 0 0 0 0 0 0 0 0 0 0 0 5323 10740 16042 20942 27605 32435 35904 41321 47677 54336 61670
0 0 0 0 0 0 0 0 0 0 0 0 0 0 0 0 5417 10719 15619 22282 27112 30581 35998 42354 49013 56347
0 0 0 0 0 0 0 0 0 0 0 0 0 0 0 0 0 5302 10202 16865 21695 25164 30581 36937 43596 50930
0 0 0 0 0 0 0 0 0 0 0 0 0 0 0 0 0 0 4900 11563 16393 19862 25279 31635 38294 45628
0 0 0 0 0 0 0 0 0 0 0 0 0 0 0 0 0 0 0 6663 11493 14962 20379 26735 33394 40728
0 0 0 0 0 0 0 0 0 0 0 0 0 0 0 0 0 0 0 0 4830 8299 13716 20072 26731 34065
0 0 0 0 0 0 0 0 0 0 0 0 0 0 0 0 0 0 0 0 0 3469 8886 15242 21901 29235
0 0 0 0 0 0 0 0 0 0 0 0 0 0 0 0 0 0 0 0 0 0 5417 11773 18432 25766
0 0 0 0 0 0 0 0 0 0 0 0 0 0 0 0 0 0 0 0 0 0 0 6356 13015 20349
0 0 0 0 0 0 0 0 0 0 0 0 0 0 0 0 0 0 0 0 0 0 0 0 6659 13993
0 0 0 0 0 0 0 0 0 0 0 0 0 0 0 0 0 0 0 0 0 0 0 0 0 7334
0 0 0 0 0 0 0 0 0 0 0 0 0 0 0 0 0 0 0 0 0 0 0 0 0 0
