0 2903 4180 6524 9377 12995 15383 17316 19049 21467 24335 27516 30525 32844 34667 37296 40930 43823
0 0 1277 3621 6474 10092 12480 14413 16146 18564 21432 24613 27622 29941 31764 34393 38027 40920
0 0 0 2344 5197 8815 11203 13136 14869 17287 20155 23336 26345 28664 30487 33116 36750 39643
0 0 0 0 2853 6471 8859 10792 12525 14943 17811 20992 24001 26320 28143 30772 34406 37299
0 0 0 0 0 3618 6006 7939 9672 12090 14958 18139 21148 23467 25290 27919 31553 34446
0 0 0 0 0 0 2388 4321 6054 8472 11340 14521 17530 19849 21672 24301 27935 30828
0 0 0 0 0 0 0 1933 3666 6084 8952 12133 15142 17461 19284 21913 25547 28440
0 0 0 0 0 0 0 0 1733 4151 7019 10200 13209 15528 17351 19980 23614 26507
0 0 0 0 0 0 0 0 0 2418 5286 8467 11476 13795 15618 18247 21881 24774
0 0 0 0 0 0 0 0 0 0 2868 6049 9058 11377 13200 15829 19463 22356
0 0 0 0 0 0 0 0 0 0 0 3181 6190 8509 10332 12961 16595 19488
0 0 0 0 0 0 0 0 0 0 0 0 3009 5328 7151 9780 13414 16307
0 0 0 0 0 0 0 0 0 0 0 0 0 2319 4142 6771 10405 13298
0 0 0 0 0 0 0 0 0 0 0 0 0 0 1823 4452 8086 10979
0 0 0 0 0 0 0 0 0 0 0 0 0 0 0 2629 6263 9156
0 0 0 0 0 0 0 0 0 0 0 0 0 0 0 0 3634 6527
0 0 0 0 0 0 0 0 0 0 0 0 0 0 0 0 0 2893
0 0 0 0 0 0 0 0 0 0 0 0 0 0 0 0 0 0
